# Exported from Wings 3D 1.5.4
mtllib fuzzy_dice_++.mtl
o Cube100
#40 vertices, 30 faces
v 0.29644661 -1.14428630 0.79583961
v 0.65000000 -1.43301269 0.99989125
v 0.29644661 -0.85571370 1.20416039
v 0.65000000 -1.14444009 1.40821203
v 0.65000000 -0.85555991 0.59178797
v 1.00355339 -1.14428630 0.79583961
v 0.65000000 -0.56698731 1.00010875
v 1.00355339 -0.85571370 1.20416039
v 1.37010142 -0.70052538 0.98500000
v 1.37010142 -0.70052538 1.01500000
v -2.7338023e-2 0.93551069 -1.5000000e-2
v -2.7338023e-2 0.93551069 1.5000000e-2
v 1.39554287 -0.68462780 0.98500000
v 1.39554287 -0.68462780 1.01500000
v -1.8965806e-3 0.95140827 -1.5000000e-2
v -1.8965806e-3 0.95140827 1.5000000e-2
v 0.60445713 -0.68462780 0.98500000
v 0.60445713 -0.68462780 1.01500000
v 1.8965806e-3 0.95140827 -1.5000000e-2
v 1.8965806e-3 0.95140827 1.5000000e-2
v 0.62989858 -0.70052538 0.98500000
v 0.62989858 -0.70052538 1.01500000
v 2.7338023e-2 0.93551069 -1.5000000e-2
v 2.7338023e-2 0.93551069 1.5000000e-2
v -0.15000000 0.90000000 -0.15000000
v -0.15000000 0.90000000 0.15000000
v -0.15000000 1.00000000 -0.15000000
v -0.15000000 1.00000000 0.15000000
v 0.15000000 0.90000000 -0.15000000
v 0.15000000 0.90000000 0.15000000
v 0.15000000 1.00000000 -0.15000000
v 0.15000000 1.00000000 0.15000000
v 0.99644661 -0.85571370 0.79583961
v 0.99644661 -1.14428630 1.20416039
v 1.35000000 -0.56698731 0.99989125
v 1.35000000 -0.85555991 1.40821203
v 1.35000000 -1.14444009 0.59178797
v 1.35000000 -1.43301269 1.00010875
v 1.70355339 -0.85571370 0.79583961
v 1.70355339 -1.14428630 1.20416039
vt 0.0000000e+0 0.67187500
vt 0.0000000e+0 1.00000000
vt 1.1102230e-16 0.67187500
vt 1.9428903e-16 0.34375000
vt 0.32812500 0.34375000
vt 0.32812500 0.67187500
vt 0.32812500 0.67187500
vt 0.32812500 0.67187500
vt 0.32812500 1.00000000
vt 0.32812500 0.34375000
vt 0.32812500 0.67187500
vt 0.48835556 0.50236667
vt 0.48835556 0.50570000
vt 0.48835556 0.50570000
vt 0.48835556 0.50903333
vt 0.48835556 0.50903333
vt 0.48835556 0.51236667
vt 0.49835556 0.50236667
vt 0.49835556 0.50570000
vt 0.49835556 0.50570000
vt 0.49835556 0.50903333
vt 0.49835556 0.50903333
vt 0.49835556 0.51236667
vt 0.65625000 0.34375000
vt 0.65625000 0.67187500
vt 0.65625000 1.00000000
vt 0.65625000 0.67187500
vt 0.65625000 1.00000000
vt 0.98437500 0.34375000
vt 0.98437500 0.67187500
vt 0.98437500 1.00000000
vn 0.0000000e+0 -0.57714519 -0.81664156
vn -0.70710678 0.57745278 -0.40810328
vn -0.70710678 -0.57745278 0.40810328
vn 0.0000000e+0 -0.57714519 -0.81664156
vn 0.70710678 -0.57745278 0.40810328
vn -0.70710678 -0.57745278 0.40810328
vn 0.0000000e+0 0.57714519 0.81664156
vn -0.70710678 0.57745278 -0.40810328
vn -0.70710678 -0.57745278 0.40810328
vn 0.0000000e+0 0.57714519 0.81664156
vn 0.70710678 -0.57745278 0.40810328
vn -0.70710678 -0.57745278 0.40810328
vn 0.0000000e+0 -0.57714519 -0.81664156
vn -0.70710678 0.57745278 -0.40810328
vn 0.70710678 0.57745278 -0.40810328
vn 0.0000000e+0 -0.57714519 -0.81664156
vn 0.70710678 -0.57745278 0.40810328
vn 0.70710678 0.57745278 -0.40810328
vn 0.0000000e+0 0.57714519 0.81664156
vn -0.70710678 0.57745278 -0.40810328
vn 0.70710678 0.57745278 -0.40810328
vn 0.0000000e+0 0.57714519 0.81664156
vn 0.70710678 -0.57745278 0.40810328
vn 0.70710678 0.57745278 -0.40810328
vn 0.52991926 -0.84804810 0.0000000e+0
vn 0.22538036 -0.36068397 -0.90504739
vn -0.76037552 -0.64948369 0.0000000e+0
vn 0.52991926 -0.84804810 0.0000000e+0
vn -0.22538036 0.36068397 0.90504739
vn -0.76037552 -0.64948369 0.0000000e+0
vn -0.52991926 0.84804810 0.0000000e+0
vn 0.22538036 -0.36068397 -0.90504739
vn -0.76037552 -0.64948369 0.0000000e+0
vn -0.52991926 0.84804810 0.0000000e+0
vn -0.22538036 0.36068397 0.90504739
vn -0.76037552 -0.64948369 0.0000000e+0
vn 0.52991926 -0.84804810 0.0000000e+0
vn 0.22538036 -0.36068397 -0.90504739
vn 0.76037552 0.64948369 0.0000000e+0
vn 0.52991926 -0.84804810 0.0000000e+0
vn -0.22538036 0.36068397 0.90504739
vn 0.76037552 0.64948369 0.0000000e+0
vn -0.52991926 0.84804810 0.0000000e+0
vn 0.22538036 -0.36068397 -0.90504739
vn 0.76037552 0.64948369 0.0000000e+0
vn -0.52991926 0.84804810 0.0000000e+0
vn -0.22538036 0.36068397 0.90504739
vn 0.76037552 0.64948369 0.0000000e+0
vn -0.52991926 -0.84804810 0.0000000e+0
vn -0.36216927 -0.57959199 -0.73000448
vn -0.93837839 -0.34560962 0.0000000e+0
vn -0.52991926 -0.84804810 0.0000000e+0
vn 0.36216927 0.57959199 0.73000448
vn -0.93837839 -0.34560962 0.0000000e+0
vn 0.52991926 0.84804810 0.0000000e+0
vn -0.36216927 -0.57959199 -0.73000448
vn -0.93837839 -0.34560962 0.0000000e+0
vn 0.52991926 0.84804810 0.0000000e+0
vn 0.36216927 0.57959199 0.73000448
vn -0.93837839 -0.34560962 0.0000000e+0
vn -0.52991926 -0.84804810 0.0000000e+0
vn -0.36216927 -0.57959199 -0.73000448
vn 0.93837839 0.34560962 0.0000000e+0
vn -0.52991926 -0.84804810 0.0000000e+0
vn 0.36216927 0.57959199 0.73000448
vn 0.93837839 0.34560962 0.0000000e+0
vn 0.52991926 0.84804810 0.0000000e+0
vn -0.36216927 -0.57959199 -0.73000448
vn 0.93837839 0.34560962 0.0000000e+0
vn 0.52991926 0.84804810 0.0000000e+0
vn 0.36216927 0.57959199 0.73000448
vn 0.93837839 0.34560962 0.0000000e+0
vn 0.0000000e+0 -1.00000000 0.0000000e+0
vn 0.0000000e+0 0.0000000e+0 -1.00000000
vn -1.00000000 0.0000000e+0 0.0000000e+0
vn 0.0000000e+0 -1.00000000 0.0000000e+0
vn 0.0000000e+0 0.0000000e+0 1.00000000
vn -1.00000000 0.0000000e+0 0.0000000e+0
vn 0.0000000e+0 1.00000000 0.0000000e+0
vn 0.0000000e+0 0.0000000e+0 -1.00000000
vn -1.00000000 0.0000000e+0 0.0000000e+0
vn 0.0000000e+0 1.00000000 0.0000000e+0
vn 0.0000000e+0 0.0000000e+0 1.00000000
vn -1.00000000 0.0000000e+0 0.0000000e+0
vn 0.0000000e+0 -1.00000000 0.0000000e+0
vn 0.0000000e+0 0.0000000e+0 -1.00000000
vn 1.00000000 0.0000000e+0 0.0000000e+0
vn 0.0000000e+0 -1.00000000 0.0000000e+0
vn 0.0000000e+0 0.0000000e+0 1.00000000
vn 1.00000000 0.0000000e+0 0.0000000e+0
vn 0.0000000e+0 1.00000000 0.0000000e+0
vn 0.0000000e+0 0.0000000e+0 -1.00000000
vn 1.00000000 0.0000000e+0 0.0000000e+0
vn 0.0000000e+0 1.00000000 0.0000000e+0
vn 0.0000000e+0 0.0000000e+0 1.00000000
vn 1.00000000 0.0000000e+0 0.0000000e+0
vn -0.70710678 -0.57745278 -0.40810328
vn 0.0000000e+0 0.57714519 -0.81664156
vn -0.70710678 0.57745278 0.40810328
vn -0.70710678 -0.57745278 -0.40810328
vn 0.0000000e+0 -0.57714519 0.81664156
vn -0.70710678 0.57745278 0.40810328
vn 0.70710678 0.57745278 0.40810328
vn 0.0000000e+0 0.57714519 -0.81664156
vn -0.70710678 0.57745278 0.40810328
vn 0.70710678 0.57745278 0.40810328
vn 0.0000000e+0 -0.57714519 0.81664156
vn -0.70710678 0.57745278 0.40810328
vn -0.70710678 -0.57745278 -0.40810328
vn 0.0000000e+0 0.57714519 -0.81664156
vn 0.70710678 -0.57745278 -0.40810328
vn -0.70710678 -0.57745278 -0.40810328
vn 0.0000000e+0 -0.57714519 0.81664156
vn 0.70710678 -0.57745278 -0.40810328
vn 0.70710678 0.57745278 0.40810328
vn 0.0000000e+0 0.57714519 -0.81664156
vn 0.70710678 -0.57745278 -0.40810328
vn 0.70710678 0.57745278 0.40810328
vn 0.0000000e+0 -0.57714519 0.81664156
vn 0.70710678 -0.57745278 -0.40810328
g Cube100_Cube103_auv
usemtl Cube103_auv
s 1
f 2/5/6 4/6/12 3/3/9 1/4/3
f 5/30/15 7/31/21 8/28/24 6/27/18
f 9/23/25 13/17/37 14/12/40 10/18/28
f 12/12/34 16/18/46 15/23/43 11/17/31
f 18/20/54 20/22/60 19/16/57 17/14/51
f 21/19/63 23/21/69 24/15/72 22/13/66
f 26/20/78 28/22/84 27/16/81 25/14/75
f 29/19/87 31/21/93 32/15/96 30/13/90
f 34/11/101 38/25/113 40/26/119 36/9/107
f 35/25/104 39/7/116 37/10/110 33/24/98
s 2
f 2/11/5 6/25/17 8/26/23 4/9/11
f 3/25/8 7/7/20 5/10/14 1/24/2
f 10/14/29 14/20/41 16/22/47 12/16/35
f 11/22/32 15/16/44 13/14/38 9/20/26
f 17/23/49 21/17/61 22/12/64 18/18/52
f 20/12/58 24/18/70 23/23/67 19/17/55
f 25/23/73 29/17/85 30/12/88 26/18/76
f 28/12/82 32/18/94 31/23/91 27/17/79
f 34/5/102 36/6/108 35/3/105 33/4/99
f 37/30/111 39/31/117 40/28/120 38/27/114
s 3
f 1/30/1 5/25/13 6/24/16 2/29/4
f 4/1/10 8/8/22 7/9/19 3/2/7
f 10/20/30 12/22/36 11/16/33 9/14/27
f 13/19/39 15/21/45 16/15/48 14/13/42
f 18/14/53 22/20/65 24/22/71 20/16/59
f 19/22/56 23/16/68 21/14/62 17/20/50
f 26/14/77 30/20/89 32/22/95 28/16/83
f 27/22/80 31/16/92 29/14/86 25/20/74
f 33/30/97 37/25/109 38/24/112 34/29/100
f 36/1/106 40/8/118 39/9/115 35/2/103
