# Exported from Wings 3D 1.5.4
mtllib searchlight_off.mtl
o Cube10
#124 vertices, 220 faces
v -0.21000000 0.50000000 -0.71000000
v -0.21000000 0.50000000 0.90000000
v 0.21000000 0.50000000 0.90000000
v 0.21000000 0.50000000 -0.71000000
v 0.50000000 -0.21000000 0.90000000
v 0.50000000 -0.21000000 -0.71000000
v 0.50000000 0.21000000 -0.71000000
v 0.50000000 0.21000000 0.90000000
v -0.21000000 -0.21000000 -1.00000000
v -0.21000000 0.21000000 -1.00000000
v 0.21000000 0.21000000 -1.00000000
v 0.21000000 -0.21000000 -1.00000000
v -0.21000000 -0.50000000 0.90000000
v -0.21000000 -0.50000000 -0.71000000
v 0.21000000 -0.50000000 -0.71000000
v 0.21000000 -0.50000000 0.90000000
v -0.50000000 -0.21000000 -0.71000000
v -0.50000000 -0.21000000 0.90000000
v -0.50000000 0.21000000 0.90000000
v -0.50000000 0.21000000 -0.71000000
v -0.17850000 0.17850000 0.25348333
v -0.17850000 -0.17850000 0.25348333
v 0.17850000 -0.17850000 0.25348333
v 0.17850000 0.17850000 0.25348333
v -0.17850000 0.42500000 0.89998333
v 0.17850000 0.42500000 0.89998333
v 0.42500000 -0.17850000 0.89998333
v 0.42500000 0.17850000 0.89998333
v -0.17850000 -0.42500000 0.89998333
v 0.17850000 -0.42500000 0.89998333
v -0.42500000 -0.17850000 0.89998333
v -0.42500000 0.17850000 0.89998333
v -0.17850000 0.0000000e+0 0.25348333
v 0.0000000e+0 -0.17850000 0.25348333
v 0.17850000 0.0000000e+0 0.25348333
v 0.0000000e+0 0.17850000 0.25348333
v -9.5200000e-2 4.7600000e-2 0.25348333
v -4.7600000e-2 9.5200000e-2 0.25348333
v 4.7600000e-2 9.5200000e-2 0.25348333
v 9.5200000e-2 4.7600000e-2 0.25348333
v 9.5200000e-2 -4.7600000e-2 0.25348333
v 4.7600000e-2 -9.5200000e-2 0.25348333
v -4.7600000e-2 -9.5200000e-2 0.25348333
v -9.5200000e-2 -4.7600000e-2 0.25348333
v -4.7600000e-2 -9.5200000e-2 0.79998300
v 4.7600000e-2 -9.5200000e-2 0.79998300
v 9.5200000e-2 -4.7600000e-2 0.79998300
v 9.5200000e-2 4.7600000e-2 0.79998300
v 4.7600000e-2 9.5200000e-2 0.79998300
v -4.7600000e-2 9.5200000e-2 0.79998300
v -9.5200000e-2 4.7600000e-2 0.79998300
v -9.5200000e-2 -4.7600000e-2 0.79998300
v -0.17850000 0.42500000 0.79998333
v 0.17850000 0.42500000 0.79998333
v 0.42500000 -0.17850000 0.79998333
v 0.42500000 0.17850000 0.79998333
v -0.17850000 -0.42500000 0.79998333
v 0.17850000 -0.42500000 0.79998333
v -0.42500000 -0.17850000 0.79998333
v -0.42500000 0.17850000 0.79998333
v -5.7120000e-2 -0.11424000 0.79998300
v 5.7120000e-2 -0.11424000 0.79998300
v 0.11424000 -5.7120000e-2 0.79998300
v 0.11424000 5.7120000e-2 0.79998300
v 5.7120000e-2 0.11424000 0.79998300
v -5.7120000e-2 0.11424000 0.79998300
v -0.11424000 5.7120000e-2 0.79998300
v -0.11424000 -5.7120000e-2 0.79998300
v -5.7120000e-2 -0.11424000 0.89998300
v 5.7120000e-2 -0.11424000 0.89998300
v 0.11424000 -5.7120000e-2 0.89998300
v 0.11424000 5.7120000e-2 0.89998300
v 5.7120000e-2 0.11424000 0.89998300
v -5.7120000e-2 0.11424000 0.89998300
v -0.11424000 5.7120000e-2 0.89998300
v -0.11424000 -5.7120000e-2 0.89998300
v 0.35355339 -0.31819805 0.82500000
v 0.35355339 -0.31819805 0.87500000
v 0.31819805 -0.35355339 0.82500000
v 0.31819805 -0.35355339 0.87500000
v -0.31819805 0.35355339 0.82500000
v -0.31819805 0.35355339 0.87500000
v -0.35355339 0.31819805 0.82500000
v -0.35355339 0.31819805 0.87500000
v -0.31819805 -0.35355339 0.82500000
v -0.31819805 -0.35355339 0.87500000
v -0.35355339 -0.31819805 0.82500000
v -0.35355339 -0.31819805 0.87500000
v 0.35355339 0.31819805 0.82500000
v 0.35355339 0.31819805 0.87500000
v 0.31819805 0.35355339 0.82500000
v 0.31819805 0.35355339 0.87500000
v -0.17850000 0.17850000 0.26348333
v -0.17850000 -0.17850000 0.26348333
v 0.17850000 -0.17850000 0.26348333
v 0.17850000 0.17850000 0.26348333
v -0.17850000 0.0000000e+0 0.26348333
v 0.0000000e+0 -0.17850000 0.26348333
v 0.17850000 0.0000000e+0 0.26348333
v 0.0000000e+0 0.17850000 0.26348333
v -9.7104000e-2 4.8552000e-2 0.26348333
v -4.8552000e-2 9.7104000e-2 0.26348333
v 4.8552000e-2 9.7104000e-2 0.26348333
v 9.7104000e-2 4.8552000e-2 0.26348333
v 9.7104000e-2 -4.8552000e-2 0.26348333
v 4.8552000e-2 -9.7104000e-2 0.26348333
v -4.8552000e-2 -9.7104000e-2 0.26348333
v -9.7104000e-2 -4.8552000e-2 0.26348333
v -4.8552000e-2 -9.7104000e-2 0.80998300
v 4.8552000e-2 -9.7104000e-2 0.80998300
v 9.7104000e-2 -4.8552000e-2 0.80998300
v 9.7104000e-2 4.8552000e-2 0.80998300
v 4.8552000e-2 9.7104000e-2 0.80998300
v -4.8552000e-2 9.7104000e-2 0.80998300
v -9.7104000e-2 4.8552000e-2 0.80998300
v -9.7104000e-2 -4.8552000e-2 0.80998300
v -0.17850000 0.42500000 0.80998333
v 0.17850000 0.42500000 0.80998333
v 0.42500000 -0.17850000 0.80998333
v 0.42500000 0.17850000 0.80998333
v -0.17850000 -0.42500000 0.80998333
v 0.17850000 -0.42500000 0.80998333
v -0.42500000 -0.17850000 0.80998333
v -0.42500000 0.17850000 0.80998333
vt 6.7124119e-2 0.81698711
vt 7.3798202e-2 0.78045261
vt 8.0803575e-2 0.74210461
vt 8.6252284e-2 0.90791404
vt 8.9240028e-2 0.78728720
vt 9.3062846e-2 0.76753400
vt 9.6990018e-2 0.79519522
vt 0.10275948 0.82851012
vt 0.10309702 0.80991925
vt 0.10483023 0.75591427
vt 0.11585250 0.79170317
vt 0.11815524 0.73666524
vt 0.12406217 0.75287510
vt 0.12715256 0.78051938
vt 0.12860742 0.94234460
vt 0.13134500 0.76121891
vt 0.13730857 0.80319747
vt 0.14526294 0.76817575
vt 0.15359190 0.73150475
vt 0.16476620 0.86202505
vt 0.16994290 0.84172567
vt 0.17205622 0.86949651
vt 0.17340512 0.75850979
vt 0.18260536 0.82912984
vt 0.19128089 0.86466108
vt 0.19170858 0.16289019
vt 0.19845174 0.92162483
vt 0.20219825 0.82476245
vt 0.20340376 0.85257599
vt 0.20894890 0.83274446
vt 0.21811515 0.11011822
vt 0.24432699 0.27663421
vt 0.24510444 0.17783585
vt 0.24649929 0.21769514
vt 0.24776470 0.21625241
vt 0.24799002 0.31809295
vt 0.24809772 9.6465094e-2
vt 0.24809772 0.27778940
vt 0.24830199 0.17498615
vt 0.24830199 0.18493359
vt 0.24832288 0.17515461
vt 0.24832288 0.18513382
vt 0.24849648 9.1388896e-2
vt 0.24849648 0.28535069
vt 0.24851246 0.16416931
vt 0.24890516 0.22243327
vt 0.24931587 0.17817650
vt 0.24943390 0.74572566
vt 0.25236573 9.0376826e-2
vt 0.25280941 0.28927166
vt 0.25302221 0.16423219
vt 0.25303216 0.12245957
vt 0.25342379 0.24501789
vt 0.25347746 8.8671617e-2
vt 0.25350612 0.21698796
vt 0.25421095 0.20069053
vt 0.25511429 0.12597715
vt 0.25560834 0.27673134
vt 0.25602591 0.15888758
vt 0.25604443 0.21938915
vt 0.25606433 0.19238291
vt 0.25695492 0.17201027
vt 0.25719289 0.86288369
vt 0.25763157 0.29238833
vt 0.25797376 8.7889935e-2
vt 0.26012961 0.13289837
vt 0.26015885 0.10145909
vt 0.26282769 0.21308254
vt 0.26304218 0.24139260
vt 0.26364864 7.6241163e-2
vt 0.26575536 7.9168542e-2
vt 0.26579298 0.26422592
vt 0.26638287 0.28015596
vt 0.26710154 0.29496681
vt 0.26886141 0.23574168
vt 0.27025922 0.17936389
vt 0.27031771 0.27867889
vt 0.27794551 0.24130904
vt 0.27893503 9.6360202e-2
vt 0.27996806 0.79134414
vt 0.28194662 0.19215332
vt 0.28256665 0.26829073
vt 0.28333050 0.26470572
vt 0.29420151 0.20316008
vt 0.29590704 0.20450637
vt 0.29856497 0.13441347
vt 0.29920193 0.30028616
vt 0.30160648 0.16455997
vt 0.30223588 0.10286635
vt 0.30223588 0.21251612
vt 0.30410847 0.12917969
vt 0.30821890 0.20456488
vt 0.30872354 0.16865731
vt 0.30929230 0.28650818
vt 0.30983115 0.16446628
vt 0.31441781 0.22327153
vt 0.31488915 7.6241163e-2
vt 0.31591868 0.20803840
vt 0.31591868 0.29351086
vt 0.31663841 0.20069053
vt 0.32261548 0.19700176
vt 0.32263179 8.9244693e-2
vt 0.32280075 8.7929476e-2
vt 0.32377761 0.19803615
vt 0.32472234 0.28472758
vt 0.32514961 8.8495231e-2
vt 0.32586770 0.19709309
vt 0.32606698 0.27200944
vt 0.32619830 0.24501789
vt 0.32868382 0.26186502
vt 0.32947562 0.23557794
vt 0.33043913 9.2205565e-2
vt 0.33454760 0.23927065
vt 0.33581842 0.28848939
vt 0.33648783 0.15245255
vt 0.33781533 0.26169768
vt 0.33781533 0.28618760
vt 0.33827138 0.28351298
vt 0.33959344 8.3479582e-2
vt 0.34165901 0.26174976
vt 0.34165901 0.28619543
vt 0.34168202 8.8715865e-2
vt 0.34168202 0.23054200
vt 0.34298593 0.29087819
vt 0.34317655 0.30286635
vt 0.34504760 0.24957153
vt 0.34504760 8.0722318e-2
vt 0.34530249 0.26606850
vt 0.34677936 0.10183714
vt 0.34796893 0.25574783
vt 0.34937142 0.28061302
vt 0.35034276 0.28072232
vt 0.35187931 0.10259542
vt 0.35260749 0.11224766
vt 0.35790133 0.28871586
vt 0.35797034 0.10683652
vt 0.35804022 0.14560559
vt 0.35809389 8.6195426e-2
vt 0.35840477 8.0613016e-2
vt 0.35840477 0.25000191
vt 0.36052962 0.14613066
vt 0.36164347 0.10686513
vt 0.36182387 8.6187602e-2
vt 0.36269785 0.17783585
vt 0.36347289 0.13765294
vt 0.36414218 0.26727890
vt 0.36481432 0.25880216
vt 0.36707926 8.3512984e-2
vt 0.36707926 0.20808640
vt 0.36947949 0.27624116
vt 0.37087938 0.18249417
vt 0.37406877 0.17720026
vt 0.37440441 0.13832834
vt 0.37528003 9.3510858e-2
vt 0.37547355 0.12493986
vt 0.37597235 0.13741309
vt 0.37715754 0.10469091
vt 0.37715754 0.28347958
vt 0.37811184 8.4727578e-2
vt 0.37811184 0.16614659
vt 0.37885098 0.18886822
vt 0.37905464 0.17533862
vt 0.38191882 0.11362068
vt 0.38191882 0.28849523
vt 0.38229767 0.15505197
vt 0.38373170 0.10177899
vt 0.38373170 0.28792948
vt 0.38393017 0.21195431
vt 0.39128504 0.28924469
vt 0.39170858 0.27836024
vt 0.39187953 0.21653082
vt 0.39465445 9.0878192e-2
vt 0.39465445 0.29042901
vt 0.39543718 8.9244693e-2
vt 0.39678710 0.21374282
vt 0.40176758 0.24303995
vt 0.41271656 0.27673134
vt 0.41469561 0.11040517
vt 0.41509213 9.4966809e-2
vt 0.41809188 0.20511401
vt 0.41811515 0.13161851
vt 0.42080727 0.14443998
vt 0.42297577 0.13159572
vt 0.42576147 0.20515468
vt 0.42593045 0.26248233
vt 0.42948800 0.16600268
vt 0.43377490 0.11660780
vt 0.43431988 8.3279710e-2
vt 0.43431988 0.27916854
vt 0.43576299 0.13545334
vt 0.43613112 0.15888758
vt 0.43640785 0.29598421
vt 0.44065533 0.17481923
vt 0.44380213 0.11826622
vt 0.44478165 0.16438017
vt 0.44510444 0.19872255
vt 0.44573836 0.10028616
vt 0.44619545 0.28342618
vt 0.44649929 0.16119716
vt 0.44660397 0.20515853
vt 0.44664576 0.20498126
vt 0.44699296 0.28847536
vt 0.44771768 0.14725973
vt 0.44776470 0.21625241
vt 0.44786857 0.13741309
vt 0.44809772 0.10204751
vt 0.44830199 0.19528344
vt 0.44832288 0.19506999
vt 0.44849648 9.4445694e-2
vt 0.44890516 0.15505197
vt 0.44912342 0.28721588
vt 0.44931587 0.19694273
vt 0.44977242 9.2388326e-2
vt 0.45212658 9.7893315e-2
vt 0.45236573 0.28228190
vt 0.45302221 0.16107000
vt 0.45302221 0.21645654
vt 0.45303216 0.17721631
vt 0.45303216 0.25060657
vt 0.45347746 0.28333110
vt 0.45347746 0.19599380
vt 0.45350612 0.16334197
vt 0.45511429 0.27253946
vt 0.45560834 0.12054268
vt 0.45602591 0.20180636
vt 0.46012961 0.17467531
vt 0.46012961 0.22979443
vt 0.46015885 0.10310105
vt 0.46015885 0.27972754
vt 0.46085108 0.13763932
vt 0.55195688 8.9353266e-2
vt 0.55195688 0.28935327
vt 0.71712412 0.80835342
vt 0.72911364 0.77035397
vt 0.74179401 0.73016498
vt 0.74375969 0.77523301
vt 0.75042482 0.78220965
vt 0.75050630 0.75461137
vt 0.75441666 0.79626204
vt 0.75882887 0.93657110
vt 0.76410681 0.74120034
vt 0.76989348 0.77613416
vt 0.78041977 0.71977587
vt 0.78287813 0.76330487
vt 0.78392622 0.73559894
vt 0.78962115 0.78484766
vt 0.78997581 0.74315707
vt 0.79002177 0.85499613
vt 0.79410642 0.96150475
vt 0.80283513 0.74841160
vt 0.81676557 0.71000000
vt 0.84460066 0.87659501
vt 0.85021662 0.88254220
vt 0.85361585 0.85568504
vt 0.86541052 0.92795714
vt 0.86841616 0.84094516
vt 0.86974442 0.87423821
vt 0.87362827 0.77199023
vt 0.88381822 0.86019820
vt 0.88825054 0.83309808
vt 0.89314039 0.83974477
vt 0.93294511 0.86042255
vt 0.95006404 0.74624177
vt 0.96942050 0.78651126
vn 0.0000000e+0 1.00000000 0.0000000e+0
vn -0.70710678 0.70710678 0.0000000e+0
vn 0.0000000e+0 0.70710678 -0.70710678
vn -0.57735027 0.57735027 -0.57735027
vn 0.0000000e+0 1.00000000 0.0000000e+0
vn 0.0000000e+0 0.70710678 -0.70710678
vn -0.70710678 0.70710678 0.0000000e+0
vn 0.0000000e+0 1.00000000 0.0000000e+0
vn 7.8247260e-5 -1.8935837e-4 0.99999998
vn 7.8247260e-5 -1.8935837e-4 0.99999998
vn -0.70710678 0.70710678 0.0000000e+0
vn 0.0000000e+0 1.00000000 0.0000000e+0
vn 0.70710678 0.70710678 0.0000000e+0
vn -7.8247260e-5 -1.8935837e-4 0.99999998
vn -7.8247260e-5 -1.8935837e-4 0.99999998
vn 0.0000000e+0 1.00000000 0.0000000e+0
vn -7.8247260e-5 -1.8935837e-4 0.99999998
vn 0.70710678 0.70710678 0.0000000e+0
vn -7.8247260e-5 -1.8935837e-4 0.99999998
vn 0.0000000e+0 1.00000000 0.0000000e+0
vn 0.57735027 0.57735027 -0.57735027
vn 0.70710678 0.70710678 0.0000000e+0
vn 0.0000000e+0 0.70710678 -0.70710678
vn 1.00000000 0.0000000e+0 0.0000000e+0
vn 0.70710678 -0.70710678 0.0000000e+0
vn -1.8935837e-4 7.8247260e-5 0.99999998
vn -1.8935837e-4 7.8247260e-5 0.99999998
vn 0.70710678 -0.70710678 0.0000000e+0
vn 1.00000000 0.0000000e+0 0.0000000e+0
vn -1.8935837e-4 7.8247260e-5 0.99999998
vn -1.8935837e-4 7.8247260e-5 0.99999998
vn 0.57735027 -0.57735027 -0.57735027
vn 0.70710678 -0.70710678 0.0000000e+0
vn 1.00000000 0.0000000e+0 0.0000000e+0
vn 0.70710678 0.0000000e+0 -0.70710678
vn 1.00000000 0.0000000e+0 0.0000000e+0
vn 0.70710678 0.0000000e+0 -0.70710678
vn 0.70710678 0.70710678 0.0000000e+0
vn 0.57735027 0.57735027 -0.57735027
vn 1.00000000 0.0000000e+0 0.0000000e+0
vn 0.70710678 0.0000000e+0 -0.70710678
vn 0.70710678 0.70710678 0.0000000e+0
vn 1.00000000 0.0000000e+0 0.0000000e+0
vn 0.70710678 0.70710678 0.0000000e+0
vn -1.8935837e-4 -7.8247260e-5 0.99999998
vn -1.8935837e-4 -7.8247260e-5 0.99999998
vn 0.0000000e+0 -0.70710678 -0.70710678
vn -0.57735027 -0.57735027 -0.57735027
vn 0.0000000e+0 0.0000000e+0 -1.00000000
vn -0.70710678 0.0000000e+0 -0.70710678
vn 0.0000000e+0 -0.70710678 -0.70710678
vn 0.0000000e+0 0.0000000e+0 -1.00000000
vn -0.70710678 0.0000000e+0 -0.70710678
vn 0.0000000e+0 0.70710678 -0.70710678
vn -0.57735027 0.57735027 -0.57735027
vn 0.0000000e+0 0.0000000e+0 -1.00000000
vn -0.70710678 0.0000000e+0 -0.70710678
vn 0.0000000e+0 0.0000000e+0 -1.00000000
vn 0.70710678 0.0000000e+0 -0.70710678
vn 0.0000000e+0 0.70710678 -0.70710678
vn 0.57735027 0.57735027 -0.57735027
vn 0.0000000e+0 0.70710678 -0.70710678
vn 0.0000000e+0 0.0000000e+0 -1.00000000
vn 0.70710678 0.0000000e+0 -0.70710678
vn 0.57735027 -0.57735027 -0.57735027
vn 0.70710678 0.0000000e+0 -0.70710678
vn 0.0000000e+0 0.0000000e+0 -1.00000000
vn 0.0000000e+0 -0.70710678 -0.70710678
vn 0.0000000e+0 -1.00000000 0.0000000e+0
vn -0.70710678 -0.70710678 0.0000000e+0
vn 7.8247260e-5 1.8935837e-4 0.99999998
vn 7.8247260e-5 1.8935837e-4 0.99999998
vn 7.8247260e-5 1.8935837e-4 0.99999998
vn 0.0000000e+0 -1.00000000 0.0000000e+0
vn -0.70710678 -0.70710678 0.0000000e+0
vn 7.8247260e-5 1.8935837e-4 0.99999998
vn 0.0000000e+0 -0.70710678 -0.70710678
vn -0.57735027 -0.57735027 -0.57735027
vn 0.0000000e+0 -1.00000000 0.0000000e+0
vn -0.70710678 -0.70710678 0.0000000e+0
vn 0.0000000e+0 -1.00000000 0.0000000e+0
vn 0.0000000e+0 -0.70710678 -0.70710678
vn 0.70710678 -0.70710678 0.0000000e+0
vn 0.57735027 -0.57735027 -0.57735027
vn 0.0000000e+0 -1.00000000 0.0000000e+0
vn 0.70710678 -0.70710678 0.0000000e+0
vn 0.0000000e+0 -0.70710678 -0.70710678
vn 0.0000000e+0 -1.00000000 0.0000000e+0
vn 0.70710678 -0.70710678 0.0000000e+0
vn -7.8247260e-5 1.8935837e-4 0.99999998
vn -7.8247260e-5 1.8935837e-4 0.99999998
vn -1.00000000 0.0000000e+0 0.0000000e+0
vn -0.70710678 0.0000000e+0 -0.70710678
vn -0.70710678 -0.70710678 0.0000000e+0
vn -0.57735027 -0.57735027 -0.57735027
vn -0.70710678 0.0000000e+0 -0.70710678
vn -1.00000000 0.0000000e+0 0.0000000e+0
vn -0.70710678 -0.70710678 0.0000000e+0
vn -0.70710678 -0.70710678 0.0000000e+0
vn 1.8935837e-4 7.8247260e-5 0.99999998
vn -1.00000000 0.0000000e+0 0.0000000e+0
vn 1.8935837e-4 7.8247260e-5 0.99999998
vn -1.00000000 0.0000000e+0 0.0000000e+0
vn -0.70710678 0.70710678 0.0000000e+0
vn 1.8935837e-4 -7.8247260e-5 0.99999998
vn 1.8935837e-4 -7.8247260e-5 0.99999998
vn -1.00000000 0.0000000e+0 0.0000000e+0
vn 1.8935837e-4 -7.8247260e-5 0.99999998
vn 1.8935837e-4 -7.8247260e-5 0.99999998
vn -0.70710678 0.70710678 0.0000000e+0
vn -1.00000000 0.0000000e+0 0.0000000e+0
vn -0.70710678 0.70710678 0.0000000e+0
vn -0.70710678 0.0000000e+0 -0.70710678
vn -0.57735027 0.57735027 -0.57735027
vn 0.91156224 0.0000000e+0 0.41116211
vn 0.67367215 -0.67367215 0.30386127
vn 0.0000000e+0 0.0000000e+0 1.00000000
vn 0.0000000e+0 0.0000000e+0 1.00000000
vn 0.0000000e+0 0.0000000e+0 1.00000000
vn 0.0000000e+0 -0.91156224 0.41116211
vn 0.0000000e+0 0.91156224 0.41116211
vn 0.67367215 0.67367215 0.30386127
vn 0.0000000e+0 0.0000000e+0 1.00000000
vn 0.0000000e+0 0.0000000e+0 1.00000000
vn 0.0000000e+0 0.0000000e+0 1.00000000
vn 0.91156224 0.0000000e+0 0.41116211
vn -0.91156224 0.0000000e+0 0.41116211
vn -0.67367215 0.67367215 0.30386127
vn 0.0000000e+0 0.0000000e+0 1.00000000
vn 0.0000000e+0 0.0000000e+0 1.00000000
vn 0.0000000e+0 0.0000000e+0 1.00000000
vn 0.0000000e+0 0.91156224 0.41116211
vn 0.0000000e+0 -0.91156224 0.41116211
vn -0.67367215 -0.67367215 0.30386127
vn 0.0000000e+0 0.0000000e+0 1.00000000
vn 0.0000000e+0 0.0000000e+0 1.00000000
vn 0.0000000e+0 0.0000000e+0 1.00000000
vn -0.91156224 0.0000000e+0 0.41116211
vn 7.8247260e-5 -1.8935837e-4 0.99999998
vn 7.8247260e-5 -1.8935837e-4 0.99999998
vn 0.0000000e+0 -1.00000000 0.0000000e+0
vn 0.70710678 -0.70710678 0.0000000e+0
vn 0.0000000e+0 -1.00000000 0.0000000e+0
vn 0.70710678 -0.70710678 0.0000000e+0
vn 7.8247260e-5 -1.8935837e-4 0.99999998
vn 7.8247260e-5 -1.8935837e-4 0.99999998
vn -7.8247260e-5 -1.8935837e-4 0.99999998
vn -7.8247260e-5 -1.8935837e-4 0.99999998
vn -0.70710678 -0.70710678 0.0000000e+0
vn 0.0000000e+0 -1.00000000 0.0000000e+0
vn -1.8935837e-4 7.8247260e-5 0.99999998
vn -0.70710678 0.70710678 0.0000000e+0
vn -1.8935837e-4 7.8247260e-5 0.99999998
vn -1.00000000 0.0000000e+0 0.0000000e+0
vn -1.8935837e-4 -7.8247260e-5 0.99999998
vn -1.8935837e-4 -7.8247260e-5 0.99999998
vn -1.00000000 0.0000000e+0 0.0000000e+0
vn -0.70710678 -0.70710678 0.0000000e+0
vn -1.8935837e-4 -7.8247260e-5 0.99999998
vn -0.70710678 -0.70710678 0.0000000e+0
vn -1.00000000 0.0000000e+0 0.0000000e+0
vn -1.8935837e-4 -7.8247260e-5 0.99999998
vn 7.8247260e-5 1.8935837e-4 0.99999998
vn 0.70710678 0.70710678 0.0000000e+0
vn 0.0000000e+0 1.00000000 0.0000000e+0
vn 7.8247260e-5 1.8935837e-4 0.99999998
vn -7.8247260e-5 1.8935837e-4 0.99999998
vn -7.8247260e-5 1.8935837e-4 0.99999998
vn 0.0000000e+0 1.00000000 0.0000000e+0
vn -0.70710678 0.70710678 0.0000000e+0
vn 0.0000000e+0 1.00000000 0.0000000e+0
vn -0.70710678 0.70710678 0.0000000e+0
vn -7.8247260e-5 1.8935837e-4 0.99999998
vn -7.8247260e-5 1.8935837e-4 0.99999998
vn 1.8935837e-4 7.8247260e-5 0.99999998
vn 1.8935837e-4 7.8247260e-5 0.99999998
vn 1.00000000 0.0000000e+0 0.0000000e+0
vn 0.70710678 0.70710678 0.0000000e+0
vn 1.00000000 0.0000000e+0 0.0000000e+0
vn 0.70710678 0.70710678 0.0000000e+0
vn 1.8935837e-4 7.8247260e-5 0.99999998
vn 1.8935837e-4 7.8247260e-5 0.99999998
vn 1.8935837e-4 -7.8247260e-5 0.99999998
vn 1.8935837e-4 -7.8247260e-5 0.99999998
vn 0.70710678 -0.70710678 0.0000000e+0
vn 1.00000000 0.0000000e+0 0.0000000e+0
vn 0.0000000e+0 0.0000000e+0 1.00000000
vn 0.91156224 0.0000000e+0 0.41116211
vn 0.0000000e+0 0.0000000e+0 1.00000000
vn 0.0000000e+0 0.0000000e+0 1.00000000
vn 0.91156224 0.0000000e+0 0.41116211
vn 0.91156224 0.0000000e+0 0.41116211
vn 0.0000000e+0 0.91156224 0.41116211
vn 0.0000000e+0 0.0000000e+0 1.00000000
vn 0.0000000e+0 0.0000000e+0 1.00000000
vn 0.0000000e+0 0.0000000e+0 1.00000000
vn 0.0000000e+0 0.91156224 0.41116211
vn 0.0000000e+0 0.91156224 0.41116211
vn -0.91156224 0.0000000e+0 0.41116211
vn 0.0000000e+0 0.0000000e+0 1.00000000
vn 0.0000000e+0 0.0000000e+0 1.00000000
vn 0.0000000e+0 0.0000000e+0 1.00000000
vn -0.91156224 0.0000000e+0 0.41116211
vn -0.91156224 0.0000000e+0 0.41116211
vn 0.0000000e+0 -0.91156224 0.41116211
vn 0.0000000e+0 0.0000000e+0 1.00000000
vn 0.0000000e+0 0.0000000e+0 1.00000000
vn 0.0000000e+0 0.0000000e+0 1.00000000
vn 0.0000000e+0 -0.91156224 0.41116211
vn 0.0000000e+0 -0.91156224 0.41116211
vn 0.0000000e+0 0.0000000e+0 1.00000000
vn 0.0000000e+0 0.0000000e+0 1.00000000
vn 0.0000000e+0 0.0000000e+0 1.00000000
vn -0.92387953 0.38268343 0.0000000e+0
vn -0.92387953 0.38268343 0.0000000e+0
vn -0.92387953 0.38268343 0.0000000e+0
vn -0.92387953 0.38268343 0.0000000e+0
vn 0.0000000e+0 0.0000000e+0 1.00000000
vn 0.0000000e+0 0.0000000e+0 1.00000000
vn 0.0000000e+0 0.0000000e+0 1.00000000
vn -0.38268343 0.92387953 0.0000000e+0
vn -0.38268343 0.92387953 0.0000000e+0
vn 0.0000000e+0 0.0000000e+0 1.00000000
vn 0.0000000e+0 0.0000000e+0 1.00000000
vn 0.0000000e+0 0.0000000e+0 1.00000000
vn 0.38268343 0.92387953 0.0000000e+0
vn 0.38268343 0.92387953 0.0000000e+0
vn 0.38268343 0.92387953 0.0000000e+0
vn 0.38268343 0.92387953 0.0000000e+0
vn 0.0000000e+0 0.0000000e+0 1.00000000
vn 0.0000000e+0 0.0000000e+0 1.00000000
vn 0.0000000e+0 0.0000000e+0 1.00000000
vn 0.92387953 0.38268343 0.0000000e+0
vn 0.92387953 0.38268343 0.0000000e+0
vn 0.0000000e+0 0.0000000e+0 1.00000000
vn 0.0000000e+0 0.0000000e+0 1.00000000
vn 0.0000000e+0 0.0000000e+0 1.00000000
vn 0.92387953 -0.38268343 0.0000000e+0
vn 0.92387953 -0.38268343 0.0000000e+0
vn 0.92387953 -0.38268343 0.0000000e+0
vn 0.92387953 -0.38268343 0.0000000e+0
vn 0.0000000e+0 0.0000000e+0 1.00000000
vn 0.0000000e+0 0.0000000e+0 1.00000000
vn 0.0000000e+0 0.0000000e+0 1.00000000
vn 0.38268343 -0.92387953 0.0000000e+0
vn 0.38268343 -0.92387953 0.0000000e+0
vn 0.0000000e+0 0.0000000e+0 1.00000000
vn 0.0000000e+0 0.0000000e+0 1.00000000
vn 0.0000000e+0 0.0000000e+0 1.00000000
vn -0.38268343 -0.92387953 0.0000000e+0
vn -0.38268343 -0.92387953 0.0000000e+0
vn -0.38268343 -0.92387953 0.0000000e+0
vn -0.38268343 -0.92387953 0.0000000e+0
vn 0.0000000e+0 0.0000000e+0 1.00000000
vn 0.0000000e+0 0.0000000e+0 1.00000000
vn 0.0000000e+0 0.0000000e+0 1.00000000
vn -0.92387953 -0.38268343 0.0000000e+0
vn -0.92387953 -0.38268343 0.0000000e+0
vn -0.38268343 -0.92387953 0.0000000e+0
vn -0.38268343 -0.92387953 0.0000000e+0
vn -5.1041695e-15 0.0000000e+0 -1.00000000
vn -5.1041695e-15 0.0000000e+0 -1.00000000
vn 0.38268343 -0.92387953 0.0000000e+0
vn 0.38268343 -0.92387953 0.0000000e+0
vn 0.0000000e+0 0.0000000e+0 -1.00000000
vn 0.0000000e+0 0.0000000e+0 -1.00000000
vn 0.38268343 -0.92387953 0.0000000e+0
vn 0.38268343 -0.92387953 0.0000000e+0
vn 0.0000000e+0 0.0000000e+0 -1.00000000
vn 0.0000000e+0 0.0000000e+0 -1.00000000
vn 0.92387953 -0.38268343 0.0000000e+0
vn 0.92387953 -0.38268343 0.0000000e+0
vn 0.0000000e+0 0.0000000e+0 -1.00000000
vn 0.0000000e+0 0.0000000e+0 -1.00000000
vn 0.92387953 0.38268343 0.0000000e+0
vn 0.92387953 0.38268343 0.0000000e+0
vn 3.6154534e-15 0.0000000e+0 -1.00000000
vn 3.6154534e-15 0.0000000e+0 -1.00000000
vn 0.92387953 0.38268343 0.0000000e+0
vn 0.92387953 0.38268343 0.0000000e+0
vn 3.6154534e-15 0.0000000e+0 -1.00000000
vn 3.6154534e-15 0.0000000e+0 -1.00000000
vn 0.38268343 0.92387953 0.0000000e+0
vn 0.38268343 0.92387953 0.0000000e+0
vn 5.1041695e-15 0.0000000e+0 -1.00000000
vn 5.1041695e-15 0.0000000e+0 -1.00000000
vn -0.38268343 0.92387953 0.0000000e+0
vn -0.38268343 0.92387953 0.0000000e+0
vn 0.0000000e+0 0.0000000e+0 -1.00000000
vn 0.0000000e+0 0.0000000e+0 -1.00000000
vn -0.38268343 0.92387953 0.0000000e+0
vn -0.38268343 0.92387953 0.0000000e+0
vn 0.0000000e+0 0.0000000e+0 -1.00000000
vn 0.0000000e+0 0.0000000e+0 -1.00000000
vn -0.92387953 0.38268343 0.0000000e+0
vn -0.92387953 0.38268343 0.0000000e+0
vn 0.0000000e+0 0.0000000e+0 -1.00000000
vn 0.0000000e+0 0.0000000e+0 -1.00000000
vn -0.92387953 -0.38268343 0.0000000e+0
vn -0.92387953 -0.38268343 0.0000000e+0
vn -3.6154534e-15 0.0000000e+0 -1.00000000
vn -3.6154534e-15 0.0000000e+0 -1.00000000
vn -0.92387953 -0.38268343 0.0000000e+0
vn -3.6154534e-15 0.0000000e+0 -1.00000000
vn -3.6154534e-15 0.0000000e+0 -1.00000000
vn -0.92387953 -0.38268343 0.0000000e+0
vn 0.67367215 -0.67367215 0.30386127
vn 0.0000000e+0 -1.00000000 0.0000000e+0
vn 0.70710678 -0.70710678 0.0000000e+0
vn 0.0000000e+0 -0.91156224 0.41116211
vn 0.0000000e+0 -0.91156224 0.41116211
vn 0.0000000e+0 -0.91156224 0.41116211
vn -0.67367215 -0.67367215 0.30386127
vn 0.0000000e+0 -1.00000000 0.0000000e+0
vn -0.70710678 -0.70710678 0.0000000e+0
vn -0.70710678 -0.70710678 0.0000000e+0
vn 0.0000000e+0 -0.91156224 0.41116211
vn 0.0000000e+0 -1.00000000 0.0000000e+0
vn -0.91156224 0.0000000e+0 0.41116211
vn -0.67367215 0.67367215 0.30386127
vn -1.00000000 0.0000000e+0 0.0000000e+0
vn -0.70710678 0.70710678 0.0000000e+0
vn -0.70710678 0.70710678 0.0000000e+0
vn -0.91156224 0.0000000e+0 0.41116211
vn -1.00000000 0.0000000e+0 0.0000000e+0
vn -0.67367215 -0.67367215 0.30386127
vn -1.00000000 0.0000000e+0 0.0000000e+0
vn -0.70710678 -0.70710678 0.0000000e+0
vn -0.91156224 0.0000000e+0 0.41116211
vn -0.91156224 0.0000000e+0 0.41116211
vn 0.0000000e+0 0.91156224 0.41116211
vn 0.67367215 0.67367215 0.30386127
vn 0.70710678 0.70710678 0.0000000e+0
vn 0.0000000e+0 1.00000000 0.0000000e+0
vn 0.70710678 0.70710678 0.0000000e+0
vn 0.0000000e+0 0.91156224 0.41116211
vn 0.0000000e+0 1.00000000 0.0000000e+0
vn -0.67367215 0.67367215 0.30386127
vn 0.0000000e+0 1.00000000 0.0000000e+0
vn -0.70710678 0.70710678 0.0000000e+0
vn 0.0000000e+0 0.91156224 0.41116211
vn 0.0000000e+0 0.91156224 0.41116211
vn 0.67367215 0.67367215 0.30386127
vn 1.00000000 0.0000000e+0 0.0000000e+0
vn 0.70710678 0.70710678 0.0000000e+0
vn 0.91156224 0.0000000e+0 0.41116211
vn 0.91156224 0.0000000e+0 0.41116211
vn 0.91156224 0.0000000e+0 0.41116211
vn 0.67367215 -0.67367215 0.30386127
vn 1.00000000 0.0000000e+0 0.0000000e+0
vn 0.70710678 -0.70710678 0.0000000e+0
vn 0.70710678 -0.70710678 0.0000000e+0
vn 0.91156224 0.0000000e+0 0.41116211
vn 1.00000000 0.0000000e+0 0.0000000e+0
vn -4.2534746e-16 0.0000000e+0 -1.00000000
vn -4.2534746e-16 0.0000000e+0 -1.00000000
vn -0.38268343 -0.92387953 0.0000000e+0
vn -0.38268343 -0.92387953 0.0000000e+0
vn -4.2534746e-16 0.0000000e+0 -1.00000000
vn -0.38268343 -0.92387953 0.0000000e+0
vn -0.38268343 -0.92387953 0.0000000e+0
vn -4.2534746e-16 0.0000000e+0 -1.00000000
vn 0.0000000e+0 0.0000000e+0 -1.00000000
vn 0.0000000e+0 0.0000000e+0 -1.00000000
vn 0.38268343 -0.92387953 0.0000000e+0
vn 0.38268343 -0.92387953 0.0000000e+0
vn 3.1901060e-15 0.0000000e+0 -1.00000000
vn 3.1901060e-15 0.0000000e+0 -1.00000000
vn 0.92387953 -0.38268343 0.0000000e+0
vn 0.92387953 -0.38268343 0.0000000e+0
vn 0.92387953 -0.38268343 0.0000000e+0
vn 0.92387953 -0.38268343 0.0000000e+0
vn 3.1901060e-15 0.0000000e+0 -1.00000000
vn 3.1901060e-15 0.0000000e+0 -1.00000000
vn 2.1267373e-15 0.0000000e+0 -1.00000000
vn 2.1267373e-15 0.0000000e+0 -1.00000000
vn 0.92387953 0.38268343 0.0000000e+0
vn 0.92387953 0.38268343 0.0000000e+0
vn 4.2534746e-16 0.0000000e+0 -1.00000000
vn 4.2534746e-16 0.0000000e+0 -1.00000000
vn 0.38268343 0.92387953 0.0000000e+0
vn 0.38268343 0.92387953 0.0000000e+0
vn 0.38268343 0.92387953 0.0000000e+0
vn 0.38268343 0.92387953 0.0000000e+0
vn 4.2534746e-16 0.0000000e+0 -1.00000000
vn 4.2534746e-16 0.0000000e+0 -1.00000000
vn 0.0000000e+0 0.0000000e+0 -1.00000000
vn 0.0000000e+0 0.0000000e+0 -1.00000000
vn -0.38268343 0.92387953 0.0000000e+0
vn -0.38268343 0.92387953 0.0000000e+0
vn -3.1901060e-15 0.0000000e+0 -1.00000000
vn -3.1901060e-15 0.0000000e+0 -1.00000000
vn -0.92387953 0.38268343 0.0000000e+0
vn -0.92387953 0.38268343 0.0000000e+0
vn -0.92387953 0.38268343 0.0000000e+0
vn -0.92387953 0.38268343 0.0000000e+0
vn -3.1901060e-15 0.0000000e+0 -1.00000000
vn -3.1901060e-15 0.0000000e+0 -1.00000000
vn -2.1267373e-15 0.0000000e+0 -1.00000000
vn -2.1267373e-15 0.0000000e+0 -1.00000000
vn -0.92387953 -0.38268343 0.0000000e+0
vn -0.92387953 -0.38268343 0.0000000e+0
vn -0.38268343 -0.92387953 0.0000000e+0
vn -0.38268343 -0.92387953 0.0000000e+0
vn 0.0000000e+0 0.0000000e+0 1.00000000
vn 0.0000000e+0 0.0000000e+0 1.00000000
vn 0.38268343 -0.92387953 0.0000000e+0
vn 0.38268343 -0.92387953 0.0000000e+0
vn 0.0000000e+0 0.0000000e+0 1.00000000
vn 0.38268343 -0.92387953 0.0000000e+0
vn 0.38268343 -0.92387953 0.0000000e+0
vn 0.92387953 -0.38268343 0.0000000e+0
vn 0.92387953 -0.38268343 0.0000000e+0
vn 0.0000000e+0 0.0000000e+0 1.00000000
vn 0.0000000e+0 0.0000000e+0 1.00000000
vn 0.0000000e+0 0.0000000e+0 1.00000000
vn 0.92387953 0.38268343 0.0000000e+0
vn 0.92387953 0.38268343 0.0000000e+0
vn 0.0000000e+0 0.0000000e+0 1.00000000
vn 0.0000000e+0 0.0000000e+0 1.00000000
vn 0.0000000e+0 0.0000000e+0 1.00000000
vn 0.92387953 0.38268343 0.0000000e+0
vn 0.92387953 0.38268343 0.0000000e+0
vn 0.0000000e+0 0.0000000e+0 1.00000000
vn 0.38268343 0.92387953 0.0000000e+0
vn 0.38268343 0.92387953 0.0000000e+0
vn 0.0000000e+0 0.0000000e+0 1.00000000
vn 0.0000000e+0 0.0000000e+0 1.00000000
vn -0.38268343 0.92387953 0.0000000e+0
vn -0.38268343 0.92387953 0.0000000e+0
vn -0.38268343 0.92387953 0.0000000e+0
vn -0.38268343 0.92387953 0.0000000e+0
vn 0.0000000e+0 0.0000000e+0 1.00000000
vn -0.92387953 0.38268343 0.0000000e+0
vn -0.92387953 0.38268343 0.0000000e+0
vn 0.0000000e+0 0.0000000e+0 1.00000000
vn 0.0000000e+0 0.0000000e+0 1.00000000
vn -0.92387953 -0.38268343 0.0000000e+0
vn -0.92387953 -0.38268343 0.0000000e+0
vn 0.0000000e+0 0.0000000e+0 1.00000000
vn 0.0000000e+0 0.0000000e+0 1.00000000
vn 0.0000000e+0 0.0000000e+0 1.00000000
vn -0.92387953 -0.38268343 0.0000000e+0
vn -0.92387953 -0.38268343 0.0000000e+0
vn 0.70710678 0.70710678 0.0000000e+0
vn 0.70710678 -0.70710678 0.0000000e+0
vn 1.8990657e-15 0.0000000e+0 -1.00000000
vn 0.70710678 0.70710678 0.0000000e+0
vn 2.9216395e-16 0.0000000e+0 1.00000000
vn 0.70710678 -0.70710678 0.0000000e+0
vn 0.70710678 0.70710678 0.0000000e+0
vn 2.9216395e-16 0.0000000e+0 1.00000000
vn 0.70710678 -0.70710678 0.0000000e+0
vn -0.70710678 -0.70710678 0.0000000e+0
vn 9.4953285e-16 0.0000000e+0 -1.00000000
vn 0.70710678 -0.70710678 0.0000000e+0
vn -0.70710678 -0.70710678 0.0000000e+0
vn 0.70710678 -0.70710678 0.0000000e+0
vn 9.4953285e-16 0.0000000e+0 -1.00000000
vn 0.70710678 -0.70710678 0.0000000e+0
vn -0.70710678 -0.70710678 0.0000000e+0
vn -4.0902954e-15 0.0000000e+0 1.00000000
vn 0.70710678 0.70710678 0.0000000e+0
vn 9.4953285e-16 0.0000000e+0 -1.00000000
vn -0.70710678 0.70710678 0.0000000e+0
vn -0.70710678 0.70710678 0.0000000e+0
vn 0.70710678 0.70710678 0.0000000e+0
vn 9.4953285e-16 0.0000000e+0 -1.00000000
vn 0.70710678 0.70710678 0.0000000e+0
vn 4.6746233e-15 0.0000000e+0 1.00000000
vn -0.70710678 0.70710678 0.0000000e+0
vn -0.70710678 -0.70710678 0.0000000e+0
vn 0.0000000e+0 0.0000000e+0 -1.00000000
vn -0.70710678 0.70710678 0.0000000e+0
vn -0.70710678 -0.70710678 0.0000000e+0
vn 2.9216395e-16 0.0000000e+0 1.00000000
vn -0.70710678 0.70710678 0.0000000e+0
vn -0.70710678 -0.70710678 0.0000000e+0
vn -0.70710678 0.70710678 0.0000000e+0
vn 2.9216395e-16 0.0000000e+0 1.00000000
vn 0.70710678 -0.70710678 0.0000000e+0
vn -0.70710678 -0.70710678 0.0000000e+0
vn -1.8990657e-15 0.0000000e+0 -1.00000000
vn 0.70710678 -0.70710678 0.0000000e+0
vn -2.9216395e-16 0.0000000e+0 1.00000000
vn -0.70710678 -0.70710678 0.0000000e+0
vn 0.70710678 -0.70710678 0.0000000e+0
vn -2.9216395e-16 0.0000000e+0 1.00000000
vn -0.70710678 -0.70710678 0.0000000e+0
vn -0.70710678 0.70710678 0.0000000e+0
vn -9.4953285e-16 0.0000000e+0 -1.00000000
vn -0.70710678 -0.70710678 0.0000000e+0
vn -0.70710678 0.70710678 0.0000000e+0
vn -0.70710678 -0.70710678 0.0000000e+0
vn -9.4953285e-16 0.0000000e+0 -1.00000000
vn -0.70710678 -0.70710678 0.0000000e+0
vn -0.70710678 0.70710678 0.0000000e+0
vn 4.0902954e-15 0.0000000e+0 1.00000000
vn 0.70710678 -0.70710678 0.0000000e+0
vn -9.4953285e-16 0.0000000e+0 -1.00000000
vn 0.70710678 0.70710678 0.0000000e+0
vn 0.70710678 0.70710678 0.0000000e+0
vn 0.70710678 -0.70710678 0.0000000e+0
vn -9.4953285e-16 0.0000000e+0 -1.00000000
vn 0.70710678 -0.70710678 0.0000000e+0
vn -4.6746233e-15 0.0000000e+0 1.00000000
vn 0.70710678 0.70710678 0.0000000e+0
vn -0.70710678 0.70710678 0.0000000e+0
vn 0.0000000e+0 0.0000000e+0 -1.00000000
vn 0.70710678 0.70710678 0.0000000e+0
vn -0.70710678 0.70710678 0.0000000e+0
vn -2.9216395e-16 0.0000000e+0 1.00000000
vn 0.70710678 0.70710678 0.0000000e+0
vn -0.70710678 0.70710678 0.0000000e+0
vn 0.70710678 0.70710678 0.0000000e+0
vn -2.9216395e-16 0.0000000e+0 1.00000000
vn 0.91156224 0.0000000e+0 0.41116211
vn 0.67367215 -0.67367215 0.30386127
vn -1.1270468e-16 0.0000000e+0 1.00000000
vn -1.1270468e-16 0.0000000e+0 1.00000000
vn -1.1270468e-16 0.0000000e+0 1.00000000
vn 0.0000000e+0 -0.91156224 0.41116211
vn 0.0000000e+0 0.91156224 0.41116211
vn 0.67367215 0.67367215 0.30386127
vn -1.1270468e-16 0.0000000e+0 1.00000000
vn -1.1270468e-16 0.0000000e+0 1.00000000
vn -1.1270468e-16 0.0000000e+0 1.00000000
vn 0.91156224 0.0000000e+0 0.41116211
vn -0.91156224 0.0000000e+0 0.41116211
vn -0.67367215 0.67367215 0.30386127
vn 1.1270468e-16 0.0000000e+0 1.00000000
vn 1.1270468e-16 0.0000000e+0 1.00000000
vn 1.1270468e-16 0.0000000e+0 1.00000000
vn 0.0000000e+0 0.91156224 0.41116211
vn 0.0000000e+0 -0.91156224 0.41116211
vn -0.67367215 -0.67367215 0.30386127
vn 1.1270468e-16 0.0000000e+0 1.00000000
vn 1.1270468e-16 0.0000000e+0 1.00000000
vn 1.1270468e-16 0.0000000e+0 1.00000000
vn -0.91156224 0.0000000e+0 0.41116211
vn 0.0000000e+0 0.0000000e+0 1.00000000
vn 0.91156224 0.0000000e+0 0.41116211
vn 0.0000000e+0 0.0000000e+0 1.00000000
vn 0.0000000e+0 0.0000000e+0 1.00000000
vn 0.91156224 0.0000000e+0 0.41116211
vn 0.91156224 0.0000000e+0 0.41116211
vn 0.0000000e+0 0.91156224 0.41116211
vn 0.0000000e+0 0.0000000e+0 1.00000000
vn 0.0000000e+0 0.0000000e+0 1.00000000
vn 0.0000000e+0 0.0000000e+0 1.00000000
vn 0.0000000e+0 0.91156224 0.41116211
vn 0.0000000e+0 0.91156224 0.41116211
vn -0.91156224 0.0000000e+0 0.41116211
vn 0.0000000e+0 0.0000000e+0 1.00000000
vn 0.0000000e+0 0.0000000e+0 1.00000000
vn 0.0000000e+0 0.0000000e+0 1.00000000
vn -0.91156224 0.0000000e+0 0.41116211
vn -0.91156224 0.0000000e+0 0.41116211
vn 0.0000000e+0 -0.91156224 0.41116211
vn 0.0000000e+0 0.0000000e+0 1.00000000
vn 0.0000000e+0 0.0000000e+0 1.00000000
vn 0.0000000e+0 0.0000000e+0 1.00000000
vn 0.0000000e+0 -0.91156224 0.41116211
vn 0.0000000e+0 -0.91156224 0.41116211
vn -1.1270468e-16 0.0000000e+0 1.00000000
vn -1.1270468e-16 0.0000000e+0 1.00000000
vn -1.1270468e-16 0.0000000e+0 1.00000000
vn -0.92387953 0.38268343 0.0000000e+0
vn -0.92387953 0.38268343 0.0000000e+0
vn -0.92387953 0.38268343 0.0000000e+0
vn -0.92387953 0.38268343 0.0000000e+0
vn -1.1270468e-16 0.0000000e+0 1.00000000
vn -1.1270468e-16 0.0000000e+0 1.00000000
vn -1.1270468e-16 0.0000000e+0 1.00000000
vn -0.38268343 0.92387953 0.0000000e+0
vn -0.38268343 0.92387953 0.0000000e+0
vn 1.1270468e-16 0.0000000e+0 1.00000000
vn 1.1270468e-16 0.0000000e+0 1.00000000
vn 1.1270468e-16 0.0000000e+0 1.00000000
vn 0.38268343 0.92387953 0.0000000e+0
vn 0.38268343 0.92387953 0.0000000e+0
vn 0.38268343 0.92387953 0.0000000e+0
vn 0.38268343 0.92387953 0.0000000e+0
vn 1.1270468e-16 0.0000000e+0 1.00000000
vn 1.1270468e-16 0.0000000e+0 1.00000000
vn 1.1270468e-16 0.0000000e+0 1.00000000
vn 0.92387953 0.38268343 0.0000000e+0
vn 0.92387953 0.38268343 0.0000000e+0
vn 1.1270468e-16 0.0000000e+0 1.00000000
vn 1.1270468e-16 0.0000000e+0 1.00000000
vn 1.1270468e-16 0.0000000e+0 1.00000000
vn 0.92387953 -0.38268343 0.0000000e+0
vn 0.92387953 -0.38268343 0.0000000e+0
vn 0.92387953 -0.38268343 0.0000000e+0
vn 0.92387953 -0.38268343 0.0000000e+0
vn 1.1270468e-16 0.0000000e+0 1.00000000
vn 1.1270468e-16 0.0000000e+0 1.00000000
vn 1.1270468e-16 0.0000000e+0 1.00000000
vn 0.38268343 -0.92387953 0.0000000e+0
vn 0.38268343 -0.92387953 0.0000000e+0
vn -1.1270468e-16 0.0000000e+0 1.00000000
vn -1.1270468e-16 0.0000000e+0 1.00000000
vn -1.1270468e-16 0.0000000e+0 1.00000000
vn -0.38268343 -0.92387953 0.0000000e+0
vn -0.38268343 -0.92387953 0.0000000e+0
vn -0.38268343 -0.92387953 0.0000000e+0
vn -0.38268343 -0.92387953 0.0000000e+0
vn -1.1270468e-16 0.0000000e+0 1.00000000
vn -1.1270468e-16 0.0000000e+0 1.00000000
vn -1.1270468e-16 0.0000000e+0 1.00000000
vn -0.92387953 -0.38268343 0.0000000e+0
vn -0.92387953 -0.38268343 0.0000000e+0
vn -0.38268343 -0.92387953 0.0000000e+0
vn -0.38268343 -0.92387953 0.0000000e+0
vn 0.38268343 -0.92387953 0.0000000e+0
vn 0.38268343 -0.92387953 0.0000000e+0
vn 0.38268343 -0.92387953 0.0000000e+0
vn 0.38268343 -0.92387953 0.0000000e+0
vn 0.92387953 -0.38268343 0.0000000e+0
vn 0.92387953 -0.38268343 0.0000000e+0
vn 0.92387953 0.38268343 0.0000000e+0
vn 0.92387953 0.38268343 0.0000000e+0
vn 0.92387953 0.38268343 0.0000000e+0
vn 0.92387953 0.38268343 0.0000000e+0
vn 0.38268343 0.92387953 0.0000000e+0
vn 0.38268343 0.92387953 0.0000000e+0
vn -0.38268343 0.92387953 0.0000000e+0
vn -0.38268343 0.92387953 0.0000000e+0
vn -0.38268343 0.92387953 0.0000000e+0
vn -0.38268343 0.92387953 0.0000000e+0
vn -0.92387953 0.38268343 0.0000000e+0
vn -0.92387953 0.38268343 0.0000000e+0
vn -0.92387953 -0.38268343 0.0000000e+0
vn -0.92387953 -0.38268343 0.0000000e+0
vn -0.92387953 -0.38268343 0.0000000e+0
vn -0.92387953 -0.38268343 0.0000000e+0
vn 0.67367215 -0.67367215 0.30386127
vn 0.0000000e+0 -0.91156224 0.41116211
vn 0.0000000e+0 -0.91156224 0.41116211
vn 0.0000000e+0 -0.91156224 0.41116211
vn -0.67367215 -0.67367215 0.30386127
vn 0.0000000e+0 -0.91156224 0.41116211
vn -0.91156224 0.0000000e+0 0.41116211
vn -0.67367215 0.67367215 0.30386127
vn -0.91156224 0.0000000e+0 0.41116211
vn -0.67367215 -0.67367215 0.30386127
vn -0.91156224 0.0000000e+0 0.41116211
vn -0.91156224 0.0000000e+0 0.41116211
vn 0.0000000e+0 0.91156224 0.41116211
vn 0.67367215 0.67367215 0.30386127
vn 0.0000000e+0 0.91156224 0.41116211
vn -0.67367215 0.67367215 0.30386127
vn 0.0000000e+0 0.91156224 0.41116211
vn 0.0000000e+0 0.91156224 0.41116211
vn 0.67367215 0.67367215 0.30386127
vn 0.91156224 0.0000000e+0 0.41116211
vn 0.91156224 0.0000000e+0 0.41116211
vn 0.91156224 0.0000000e+0 0.41116211
vn 0.67367215 -0.67367215 0.30386127
vn 0.91156224 0.0000000e+0 0.41116211
g Cube10_Cube10_auv
usemtl Cube10_auv
s 1
f 2/150/8 3/185/16 1/70/5
f 4/97/20 1/70/1 3/185/12
f 6/66/34 7/76/40 5/226/29
f 7/161/39 11/232/61 4/231/21
f 8/227/43 5/226/24 7/76/36
f 10/224/56 12/58/67 9/177/49
f 10/31/55 20/84/114 1/181/4
f 11/91/58 12/58/63 10/224/52
f 14/158/79 15/130/85 13/157/74
f 15/36/84 12/170/65 6/26/32
f 16/119/88 13/157/69 15/130/81
f 17/125/95 9/90/48 14/89/78
f 18/191/101 19/225/107 17/59/97
f 20/81/111 17/59/92 19/225/103
f 22/235/121 57/258/331 34/243/193
f 26/52/150 25/218/143 54/61/318
f 30/104/170 55/160/322 58/105/340
f 31/35/178 57/195/333 59/45/345
f 34/243/198 58/263/342 23/251/132
f 37/236/216 50/253/292 38/237/222
f 38/237/221 50/253/291 39/242/229
f 39/242/228 48/259/280 40/244/234
f 40/244/233 48/259/279 41/247/241
f 41/247/240 46/260/268 42/245/246
f 42/245/245 46/260/267 43/241/252
f 43/241/253 52/254/306 44/238/258
f 44/238/257 52/254/303 37/236/217
f 45/256/259 43/241/250 46/260/263
f 45/256/260 52/254/300 43/241/251
f 46/260/264 41/247/238 47/261/271
f 47/261/272 41/247/239 48/259/275
f 48/259/276 39/242/226 49/257/283
f 49/257/284 39/242/227 50/253/287
f 50/253/288 37/236/214 51/252/295
f 51/252/296 37/236/215 52/254/299
f 53/219/308 54/61/314 25/218/141
f 53/249/307 60/240/349 21/233/116
f 55/160/323 30/104/172 27/159/152
f 56/262/326 54/255/313 24/246/134
f 57/195/335 31/35/180 29/204/164
f 58/263/341 34/243/197 57/258/336
f 61/128/360 76/152/443 68/176/401
f 62/83/366 70/56/411 61/128/361
f 63/78/372 70/56/410 62/83/365
f 64/107/378 72/86/423 63/78/371
f 65/162/384 72/86/422 64/107/377
f 66/193/390 74/178/432 65/162/383
f 67/212/396 74/178/431 66/193/389
f 68/176/402 76/152/444 67/212/395
f 69/100/403 61/128/357 70/56/407
f 69/100/404 76/152/439 61/128/358
f 70/56/408 63/78/369 71/47/412
f 71/47/413 63/78/370 72/86/417
f 72/86/418 65/162/381 73/134/425
f 73/134/426 65/162/382 74/178/429
f 74/178/430 67/212/393 75/183/434
f 75/183/435 67/212/394 76/152/438
f 77/42/445 81/201/467 78/41/451
f 78/41/448 81/201/463 82/208/469
f 79/40/454 84/207/475 83/200/472
f 80/39/461 84/207/478 79/40/457
f 86/79/488 92/192/516 88/57/498
f 87/179/495 89/74/504 85/194/483
f 90/223/506 92/192/512 86/79/485
f 91/32/509 89/74/500 87/179/491
f 93/1/517 124/4/658 97/2/542
f 97/2/546 123/8/657 94/3/528
f 120/63/646 118/27/641 96/17/536
f 122/48/652 119/80/644 95/19/530
f 123/8/656 97/2/545 124/4/660
s 2
